$ 1 0.000005 10.20027730826997 50 5 50 5e-11
155 -1440 -496 -1392 -496 0 5
155 -1328 -496 -1280 -496 0 5
w -1344 -496 -1328 -496 0
155 -1216 -496 -1168 -496 0 5
155 -1104 -496 -1056 -496 0 0
w -1440 -368 -1440 -464 0
w -1328 -368 -1328 -464 0
w -1232 -496 -1216 -496 0
w -1440 -368 -1328 -368 0
w -1328 -368 -1216 -368 0
w -1216 -368 -1216 -464 0
w -1120 -496 -1104 -496 0
w -1104 -464 -1104 -368 0
w -1104 -368 -1216 -368 0
M -1344 -496 -1344 -560 0 2.5
M -1232 -496 -1232 -560 0 2.5
M -1120 -496 -1120 -560 0 2.5
M -1008 -496 -1008 -560 0 2.5
M -1712 -592 -1712 -656 0 2.5
M -1776 -496 -1776 -560 0 2.5
M -1888 -496 -1888 -560 0 2.5
w -1648 -368 -1760 -368 0
w -1648 -464 -1648 -368 0
w -1664 -496 -1648 -496 0
w -1760 -368 -1760 -464 0
w -1872 -368 -1760 -368 0
w -1984 -368 -1872 -368 0
w -1776 -496 -1760 -496 0
w -1872 -368 -1872 -464 0
w -1984 -368 -1984 -464 0
155 -1648 -496 -1600 -496 0 5
155 -1760 -496 -1712 -496 0 5
w -1888 -496 -1872 -496 0
155 -1872 -496 -1824 -496 0 0
155 -1984 -496 -1936 -496 0 5
w -1568 -624 -1520 -624 0
w -1520 -624 -1472 -624 0
w -1472 -624 -1424 -624 0
w -1552 -496 -1440 -496 0
w -1648 -368 -1440 -368 0
418 -1984 -496 -2048 -496 0 1 40 5 0 0 0.5 pin\s2
418 -1984 -368 -2048 -368 0 1 40 5 0 0 0.5 pin\s3
162 -1424 -704 -1360 -704 2 default-led 1 0 0 0.01
r -1360 -704 -1264 -704 0 1000
g -1264 -640 -1264 -624 0 0
w -1424 -624 -1424 -704 0
w -1568 -624 -1568 -544 0
w -1568 -544 -1664 -544 0
w -1664 -544 -1664 -496 0
f -1344 -656 -1264 -656 32 1.5 0.02
418 -1344 -656 -1376 -656 0 1 40 5 0 0 0.5 pin\s4
w -1264 -704 -1264 -672 0
157 496 336 800 336 0 7 0 0
157 256 336 352 336 0 7 0 0
w 640 320 752 320 0
w 400 320 512 320 0
w -80 320 32 320 0
w 160 320 272 320 0
157 -224 336 -128 336 0 7 0 0
157 16 336 320 336 0 7 0 0
157 -944 336 -640 336 0 7 0 0
157 -1184 336 -1088 336 0 7 0 0
w -800 320 -688 320 0
w -1040 320 -928 320 0
w -560 320 -448 320 0
w -320 320 -208 320 0
157 -704 336 -608 336 0 7 0 0
157 -464 336 -160 336 0 7 0 0
157 -2608 336 -2304 336 0 7 0 0
157 -2848 336 -2752 336 0 7 0 0
w -2464 320 -2352 320 0
w -2704 320 -2592 320 0
w -3184 320 -3072 320 0
w -2944 320 -2832 320 0
157 -3328 336 -3232 336 0 7 0 0
157 -3088 336 -2784 336 0 7 0 0
157 -2128 336 -1824 336 0 7 0 0
157 -2368 336 -2272 336 0 7 0 0
w -1984 320 -1872 320 0
w -2224 320 -2112 320 0
w -1744 320 -1632 320 0
157 -1888 336 -1792 336 0 7 0 0
157 -1648 336 -1344 336 0 7 0 0
x 143 716 1482 719 4 96 scoped_out_bb_20_dec_1139z
418 -3200 2320 -3056 2320 0 1 40 5 0 0 0.5 pin\s2
418 -3232 576 -3056 576 0 1 40 5 0 0 0.5 pin\s3
x -3664 2336 -3307 2339 4 80 SR_DATA
x -3651 597 -3340 600 4 80 SR_CLK
x -3200 784 -2790 787 4 48 Ctrl\s\p\sDrag\s\q\srotate
403 -2752 1408 144 1632 0 32_64_0_4099_5_0.00009765625_0_2_32_3
403 -2752 960 144 1488 0 33_64_0_4107_5_0.00009765625_0_2_33_3
403 -1216 1584 800 2336 0 42_64_0_4099_2.5_0.00625_0_2_42_3
w -4432 2640 -4416 -832 0
r -976 2592 -864 2592 0 1000
162 -864 2592 -784 2592 2 default-led 1 0 0 0.01
g -784 2592 -784 2656 0 0
R -2576 2592 -2784 2592 0 2 12 5 0 0 0.5
w -2576 2592 -976 2592 0
w -2224 -1200 -624 -1200 0
R -2224 -1200 -2432 -1200 0 2 12 5 0 0 0.5
g -432 -1200 -432 -1136 0 0
162 -512 -1200 -432 -1200 2 default-led 1 0 0 0.01
r -624 -1200 -512 -1200 0 1000
w -2096 -1360 2480 -1360 0
w -4912 3648 -336 3648 0
