$ 1 0.000005 10.20027730826997 50 5 50 5e-11
157 512 208 816 208 0 7 0 0
157 272 208 368 208 0 7 0 0
w 656 192 768 192 0
w 416 192 528 192 0
w -64 192 48 192 0
w 176 192 288 192 0
157 -208 208 -112 208 0 7 0 0
157 32 208 336 208 0 7 0 0
157 -928 208 -624 208 0 7 0 0
157 -1168 208 -1072 208 0 7 0 0
w -784 192 -672 192 0
w -1024 192 -912 192 0
w -544 192 -432 192 0
w -304 192 -192 192 0
157 -688 208 -592 208 0 7 0 0
157 -448 208 -144 208 0 7 0 0
157 -2592 208 -2288 208 0 7 0 0
157 -2832 208 -2736 208 0 7 0 0
w -2448 192 -2336 192 0
w -2688 192 -2576 192 0
w -3168 192 -3056 192 0
w -2928 192 -2816 192 0
157 -3312 208 -3216 208 0 7 0 0
157 -3072 208 -2768 208 0 7 0 0
157 -2112 208 -1808 208 0 7 0 0
157 -2352 208 -2256 208 0 7 0 0
w -1968 192 -1856 192 0
w -2208 192 -2096 192 0
w -1728 192 -1616 192 0
157 -1872 208 -1776 208 0 7 0 0
157 -1632 208 -1328 208 0 7 0 0
x -1670 1842 -1123 1845 4 80 scoped_out_aa
418 -2112 32 -1968 32 0 1 40 5 0 0 0.5 pin\s2
418 -2112 624 -1936 624 0 1 40 5 0 0 0.5 pin\s3
x -2559 47 -2202 50 4 80 SR_DATA
x -2564 652 -2253 655 4 80 SR_CLK
x -1005 550 -595 553 4 48 Ctrl\s\p\sDrag\s\q\srotate
403 -2752 1408 144 1632 0 32_64_0_4099_5_0.00009765625_0_2_32_3
403 -2752 960 144 1488 0 33_64_0_4107_5_0.00009765625_0_2_33_3
