$ 1 0.000005 10.20027730826997 50 5 50 5e-11
155 1648 192 1696 192 0 0
155 1760 192 1808 192 0 0
w 1744 192 1760 192 0
155 1872 192 1920 192 0 0
155 1984 192 2032 192 0 5
w 1648 320 1648 224 0
w 1760 320 1760 224 0
w 1856 192 1872 192 0
w 1648 320 1760 320 0
w 1760 320 1872 320 0
w 1872 320 1872 224 0
w 1968 192 1984 192 0
w 1984 224 1984 320 0
w 1984 320 1872 320 0
M 1744 192 1744 128 0 2.5
M 1856 192 1856 128 0 2.5
M 1968 192 1968 128 0 2.5
M 2080 192 2080 128 0 2.5
M 1376 96 1376 32 0 2.5
M 1312 192 1312 128 0 2.5
M 1200 192 1200 128 0 2.5
w 1440 320 1328 320 0
w 1440 224 1440 320 0
w 1424 192 1440 192 0
w 1328 320 1328 224 0
w 1216 320 1328 320 0
w 1104 320 1216 320 0
w 1312 192 1328 192 0
w 1216 320 1216 224 0
w 1104 320 1104 224 0
155 1440 192 1488 192 0 5
155 1328 192 1376 192 0 5
w 1200 192 1216 192 0
155 1216 192 1264 192 0 5
155 1104 192 1152 192 0 0
w 1520 64 1568 64 0
w 1568 64 1616 64 0
w 1616 64 1664 64 0
w 1536 192 1648 192 0
w 1440 320 1648 320 0
418 1104 192 1040 192 0 1 40 5 0 0 0.5 pin\s2
418 1104 320 1040 320 0 1 40 5 0 0 0.5 pin\s3
162 1664 -16 1728 -16 2 default-led 1 0 0 0.01
r 1728 -16 1824 -16 0 1000
g 1824 48 1824 64 0 0
w 1664 64 1664 -16 0
w 1520 64 1520 144 0
w 1520 144 1424 144 0
w 1424 144 1424 192 0
f 1744 32 1824 32 32 1.5 0.02
418 1744 32 1712 32 0 1 40 5 0 0 0.5 pin\s4
w 1824 -16 1824 16 0
o 42 64 0 4099 5 0.00625 0 2 42 3
