$ 1 0.000005 10.20027730826997 50 5 50 5e-11
157 368 64 432 64 0 7 0 0
157 368 320 448 320 0 7 0 1
R 256 320 208 320 0 2 9 5 0 0 0.3
R 256 352 176 352 0 2 6 5 0 0 0.5
R 256 384 144 384 0 2 7 5 0 0 0.5
R 256 416 112 416 0 2 6 5 0 0 0.5
R 608 384 704 384 0 2 5 5 0 0 0.5
R 608 352 736 352 0 2 4 5 0 0 0.5
R 608 320 768 320 0 2 3 5 0 0 0.5
w 560 416 592 416 0
w 592 416 592 560 0
g 592 560 592 592 0 0
r 560 320 608 320 0 1000
r 560 352 608 352 0 1000
r 560 384 608 384 0 1000
r 256 320 368 320 0 1000
r 256 352 368 352 0 1000
r 256 384 368 384 0 1000
r 256 416 368 416 0 1000
