$ 0 0.000005 5.023272298708815 50 5 50 5e-11
189 432 272 576 272 1024 32 0
418 1760 240 1824 240 0 1 40 5 0 0 0.5 pin\s2
418 1760 320 1824 320 0 1 40 5 0 0 0.5 pin\s3
418 1744 -160 1696 -160 0 1 40 5 0 0 0.5 pin\s4
f 1744 -160 1808 -160 32 1.5 0.02
g 1808 -144 1808 -64 0 0
r 464 240 464 176 0 1000
r 496 240 496 176 0 1000
r 528 240 528 176 0 1000
r 560 240 560 176 0 1000
r 592 240 592 176 0 1000
r 624 240 624 176 0 1000
r 656 240 656 176 0 1000
r 688 240 688 176 0 1000
162 464 176 464 128 2 default-led 1 0 0 0.01
w 1808 -176 1808 -224 0
w 1808 -224 1776 -224 0
162 496 176 496 128 2 default-led 1 0 0 0.01
162 528 176 528 128 2 default-led 1 0 0 0.01
162 560 176 560 128 2 default-led 1 0 0 0.01
162 592 176 592 128 2 default-led 1 0 0 0.01
162 624 176 624 128 2 default-led 1 0 0 0.01
162 656 176 656 128 2 default-led 1 0 0 0.01
162 688 176 688 128 2 default-led 1 0 0 0.01
162 944 176 944 128 2 default-led 1 0 0 0.01
162 912 176 912 128 2 default-led 1 0 0 0.01
162 880 176 880 128 2 default-led 1 0 0 0.01
162 848 176 848 128 2 default-led 1 0 0 0.01
162 816 176 816 128 2 default-led 1 0 0 0.01
162 784 176 784 128 2 default-led 1 0 0 0.01
162 752 176 752 128 2 default-led 1 0 0 0.01
162 720 176 720 128 2 default-led 1 0 0 0.01
r 944 240 944 176 0 1000
r 912 240 912 176 0 1000
r 880 240 880 176 0 1000
r 848 240 848 176 0 1000
r 816 240 816 176 0 1000
r 784 240 784 176 0 1000
r 752 240 752 176 0 1000
r 720 240 720 176 0 1000
r 1232 240 1232 176 0 1000
r 1264 240 1264 176 0 1000
r 1296 240 1296 176 0 1000
r 1328 240 1328 176 0 1000
r 1360 240 1360 176 0 1000
r 1392 240 1392 176 0 1000
r 1424 240 1424 176 0 1000
r 1456 240 1456 176 0 1000
162 1232 176 1232 128 2 default-led 1 0 0 0.01
162 1264 176 1264 128 2 default-led 1 0 0 0.01
162 1296 176 1296 128 2 default-led 1 0 0 0.01
162 1328 176 1328 128 2 default-led 1 0 0 0.01
162 1360 176 1360 128 2 default-led 1 0 0 0.01
162 1392 176 1392 128 2 default-led 1 0 0 0.01
162 1424 176 1424 128 2 default-led 1 0 0 0.01
162 1456 176 1456 128 2 default-led 1 0 0 0.01
162 1200 176 1200 128 2 default-led 1 0 0 0.01
162 1168 176 1168 128 2 default-led 1 0 0 0.01
162 1136 176 1136 128 2 default-led 1 0 0 0.01
162 1104 176 1104 128 2 default-led 1 0 0 0.01
162 1072 176 1072 128 2 default-led 1 0 0 0.01
162 1040 176 1040 128 2 default-led 1 0 0 0.01
162 1008 176 1008 128 2 default-led 1 0 0 0.01
162 976 176 976 128 2 default-led 1 0 0 0.01
r 1200 240 1200 176 0 1000
r 1168 240 1168 176 0 1000
r 1136 240 1136 176 0 1000
r 1104 240 1104 176 0 1000
r 1072 240 1072 176 0 1000
r 1040 240 1040 176 0 1000
r 1008 240 1008 176 0 1000
r 976 240 976 176 0 1000
w 464 128 496 128 0
w 496 128 528 128 0
w 528 128 560 128 0
w 560 128 592 128 0
w 688 128 720 128 0
w 656 128 688 128 0
w 624 128 656 128 0
w 592 128 624 128 0
w 720 128 752 128 0
w 752 128 784 128 0
w 784 128 816 128 0
w 816 128 848 128 0
w 944 128 976 128 0
w 912 128 944 128 0
w 880 128 912 128 0
w 848 128 880 128 0
w 976 128 1008 128 0
w 1008 128 1040 128 0
w 1040 128 1072 128 0
w 1072 128 1104 128 0
w 1200 128 1232 128 0
w 1168 128 1200 128 0
w 1136 128 1168 128 0
w 1104 128 1136 128 0
w 1232 128 1264 128 0
w 1264 128 1296 128 0
w 1296 128 1328 128 0
w 1328 128 1360 128 0
w 1456 128 1488 128 0
w 1424 128 1456 128 0
w 1392 128 1424 128 0
w 1360 128 1392 128 0
R 1760 160 1824 160 0 0 40 5 0 0 0.5
x 229 -195 1025 -192 4 32 Working\sCircuit\srevision\s00-cc\s-\s21\sDec\s2021\s16:29\sUTC
f 1760 240 1632 240 32 1.5 0.02
f 1760 320 1696 320 33 1.5 0.02
r 1632 400 1632 464 0 1000
r 1696 400 1696 464 0 1000
g 1632 464 1632 496 0 0
g 1696 464 1696 496 0 0
w 1632 160 1632 224 0
w 1632 256 1568 256 0
w 1696 400 1696 336 0
w 1632 320 1632 256 0
w 1632 400 1632 352 0
w 1632 320 1648 320 0
w 1632 352 1648 352 0
w 1648 320 1648 352 0
w 1696 160 1760 160 0
w 1696 160 1632 160 0
w 1696 336 1568 336 0
w 1696 304 1696 256 0
w 1712 224 1712 256 0
w 1696 256 1712 256 0
w 1696 224 1712 224 0
w 1696 160 1696 224 0
w 1568 256 1568 304 0
w 1520 304 1568 304 0
w 1520 336 1568 336 0
x 175 578 544 581 4 24 factored\sreversal\sof\ssr\sand\smosfets
157 1408 -592 1552 -592 0 7 0 1
w 1392 -448 1392 -496 0
w 1408 -496 1392 -496 0
w 1408 -528 1376 -528 0
w 1376 -448 1376 -528 0
w 1408 -560 1360 -560 0
w 1360 -448 1360 -560 0
w 1408 -592 1344 -592 0
w 1344 -448 1344 -592 0
w 1616 -528 1600 -528 0
w 1600 -448 1600 -496 0
w 1600 -560 1632 -560 0
w 1616 -448 1616 -528 0
w 1632 -448 1632 -560 0
w 1648 -448 1648 -592 0
w 1648 -592 1600 -592 0
w 1312 -592 1264 -592 0
w 1312 -448 1312 -592 0
w 1296 -448 1296 -560 0
w 1280 -448 1280 -528 0
w 1264 -560 1296 -560 0
w 1264 -448 1264 -496 0
w 1280 -528 1264 -528 0
w 1008 -448 1008 -592 0
w 1072 -592 1008 -592 0
w 1024 -448 1024 -560 0
w 1072 -560 1024 -560 0
w 1040 -448 1040 -528 0
w 1072 -528 1040 -528 0
w 1072 -496 1056 -496 0
w 1056 -448 1056 -496 0
157 1072 -592 1216 -592 0 7 0 1
w 1056 -448 1056 -416 0
w 1056 -416 1392 -416 0
w 1392 -416 1392 -448 0
w 1040 -448 1040 -400 0
w 1040 -400 1376 -400 0
w 1376 -448 1376 -400 0
w 1024 -448 1024 -384 0
w 1024 -384 1360 -384 0
w 1360 -384 1360 -448 0
w 1008 -448 1008 -368 0
w 1008 -368 1344 -368 0
w 1344 -368 1344 -448 0
w 1264 -448 1264 -288 0
w 1312 -448 1312 -320 0
w 1312 -320 1648 -320 0
w 1648 -320 1648 -448 0
w 1296 -448 1296 -304 0
w 1296 -304 1632 -304 0
w 1632 -304 1632 -448 0
w 1280 -448 1280 -288 0
w 1280 -288 1616 -288 0
w 1616 -288 1616 -448 0
w 1600 -448 1600 -224 0
w 1264 -288 1264 -224 0
w 1264 -224 1600 -224 0
w 1600 -224 1776 -224 0
w 1488 96 1488 128 0
w 1600 -48 1600 -224 0
w 1280 -288 1280 -160 0
w 1296 -304 1296 -160 0
w 1312 -320 1312 -160 0
w 1392 -416 1392 -160 0
w 1392 -160 1328 -160 0
w 1328 -160 1328 -144 0
w 1376 -400 1376 -144 0
w 1376 -144 1344 -144 0
w 1344 -144 1344 -128 0
w 1360 -384 1360 -96 0
w 1344 -368 1344 -192 0
w 1344 -192 1408 -192 0
w 1408 -192 1408 -128 0
w 1408 -128 1376 -128 0
w 1376 -128 1376 -96 0
w 1344 -128 1344 -96 0
w 1328 -144 1328 -96 0
w 1312 -160 1312 -96 0
w 1296 -160 1296 -96 0
w 1280 -160 1280 -96 0
w 1376 -96 1456 176 0
w 1360 -96 1424 176 0
w 1344 -96 1392 176 0
w 1328 -96 1360 176 0
w 1312 -96 1328 176 0
w 1296 -96 1296 176 0
w 1280 -96 1264 176 0
w 1600 -48 1488 96 0
