$ 1 0.000005 10.634267539816555 50 5 50 5e-11
w -176 80 -32 80 0
r -32 144 -32 208 0 99912
w -32 304 -32 384 0
R -176 80 -400 80 0 0 40 5 0 0 0.5
g -32 384 -32 400 0 0
g 176 416 176 448 0 0
r 400 352 400 416 0 330
162 176 240 176 272 2 default-led 1 0 0 0.01
w -32 80 -32 112 0
370 -32 112 -32 144 1 0 0
f 112 224 176 224 33 1.5 0.02
f -96 224 -32 224 33 1.5 0.02
370 -176 80 -176 208 1 0 0
w -128 224 -96 224 0
S -128 224 -176 224 0 1 false 0 2
f 336 224 400 224 33 1.5 0.02
w 176 80 400 80 0
370 400 80 400 208 1 0 0
162 400 240 400 272 2 default-led 1 0 0 0.01
r 176 352 176 416 0 330
r -32 240 -32 304 0 1000000
370 400 272 400 352 1 0 0
g 400 416 400 448 0 0
370 176 272 176 352 1 0 0
w 176 208 176 80 0
w -32 80 176 80 0
38 20 F1 0 1 1000000 -1 Resistance
38 1 F1 0 1 999111 -1 Resistance
