$ 1 0.000005 10.634267539816555 50 5 50 5e-11
s 64 144 64 176 0 1 false
w 64 96 176 96 0
r 256 288 256 352 0 330
w 256 352 256 368 0
R -112 96 -192 96 0 0 40 5 0 0 0.5
g 256 368 256 384 0 0
g 416 368 416 384 0 0
r 416 288 416 352 0 330
162 176 208 176 288 2 default-led 1 0 0 0.01
162 368 224 368 288 2 default-led 1 0 0 0.01
370 -32 96 64 96 1 0 0
w 176 96 368 96 0
w 176 96 176 112 0
370 176 112 176 176 1 0 0
162 -32 160 -32 256 2 default-led 1 0 0 0.01
370 -32 96 -32 160 1 0 0
r -32 256 -32 320 0 330
g -32 320 -32 384 0 0
w 416 368 416 352 0
f 304 208 368 208 33 1.5 0.02
370 368 288 416 288 1 0 0
f 112 192 176 192 33 1.5 0.02
370 -112 96 -32 96 1 0 0
370 64 96 64 144 1 0 0
w 64 176 64 192 0
w 64 192 112 192 0
370 176 288 256 288 1 0 0
w 176 208 304 208 0
370 368 96 368 192 1 0 0
