$ 1 0.000005 10.634267539816555 50 5 50 5e-11
s 64 256 64 336 0 0 false
w 64 96 176 96 0
r 176 256 176 320 0 330
w 176 352 176 368 0
f 64 336 176 336 0 1.5 0.02
w 64 160 64 256 0
R -32 96 -112 96 0 0 40 5 0 0 0.5
g 176 368 176 384 0 0
f 288 272 336 272 32 1.5 0.02
g 336 448 336 480 0 0
w 336 288 336 304 0
w 64 336 64 416 0
w 256 272 288 272 0
f 496 336 544 336 32 1.5 0.02
w 544 352 544 368 0
g 544 368 544 384 0 0
w 432 336 496 336 0
w 352 96 544 96 0
w 544 96 544 256 0
w 544 288 544 320 0
r 656 240 656 288 0 330
w 544 96 656 96 0
w 656 304 656 288 0
w 544 320 656 320 0
w 656 304 656 320 0
162 176 176 176 256 2 default-led 1 0 0 0.01
162 656 176 656 240 2 default-led 1 0 0 0.01
370 -32 96 64 96 1 0 0
w 176 96 352 96 0
370 656 96 656 176 1 0 0
w 336 304 336 336 0
w 352 256 352 224 0
w 64 416 256 416 0
w 256 416 256 384 0
w 64 96 64 160 0
w 176 96 176 112 0
370 176 112 176 176 1 0 0
370 352 96 352 192 1 0 0
370 256 384 256 272 1 0 0
162 -32 160 -32 256 2 default-led 1 0 0 0.01
370 -32 96 -32 160 1 0 0
r -32 256 -32 320 0 330
g -32 320 -32 384 0 0
w 432 336 432 384 0
r 336 336 336 384 0 75
r 336 384 336 448 0 100000
w 336 384 432 384 0
r 352 192 352 224 0 44000
w 336 256 352 256 0
