$ 1 0.000005 10.20027730826997 50 5 50 5e-11
189 400 272 544 272 0 32 127
418 400 304 352 304 0 1 40 5 0 0 0.5 pin\s2
418 400 336 352 336 0 1 40 5 0 0 0.5 pin\s3
418 1616 192 1568 192 0 1 40 5 0 0 0.5 pin\s4
f 1616 192 1680 192 32 1.5 0.02
g 1680 208 1680 288 0 0
r 464 240 464 176 0 1000
r 496 240 496 176 0 1000
r 528 240 528 176 0 1000
r 560 240 560 176 0 1000
r 592 240 592 176 0 1000
r 624 240 624 176 0 1000
r 656 240 656 176 0 1000
r 688 240 688 176 0 1000
162 464 176 464 128 2 default-led 1 0 0 0.01
w 1680 176 1680 128 0
w 1680 128 1488 128 0
162 496 176 496 128 2 default-led 1 0 0 0.01
162 528 176 528 128 2 default-led 1 0 0 0.01
162 560 176 560 128 2 default-led 1 0 0 0.01
162 592 176 592 128 2 default-led 1 0 0 0.01
162 624 176 624 128 2 default-led 1 0 0 0.01
162 656 176 656 128 2 default-led 1 0 0 0.01
162 688 176 688 128 2 default-led 1 0 0 0.01
162 944 176 944 128 2 default-led 1 0 0 0.01
162 912 176 912 128 2 default-led 1 0 0 0.01
162 880 176 880 128 2 default-led 1 0 0 0.01
162 848 176 848 128 2 default-led 1 0 0 0.01
162 816 176 816 128 2 default-led 1 0 0 0.01
162 784 176 784 128 2 default-led 1 0 0 0.01
162 752 176 752 128 2 default-led 1 0 0 0.01
162 720 176 720 128 2 default-led 1 0 0 0.01
r 944 240 944 176 0 1000
r 912 240 912 176 0 1000
r 880 240 880 176 0 1000
r 848 240 848 176 0 1000
r 816 240 816 176 0 1000
r 784 240 784 176 0 1000
r 752 240 752 176 0 1000
r 720 240 720 176 0 1000
r 1232 240 1232 176 0 1000
r 1264 240 1264 176 0 1000
r 1296 240 1296 176 0 1000
r 1328 240 1328 176 0 1000
r 1360 240 1360 176 0 1000
r 1392 240 1392 176 0 1000
r 1424 240 1424 176 0 1000
r 1456 240 1456 176 0 1000
162 1232 176 1232 128 2 default-led 1 0 0 0.01
162 1264 176 1264 128 2 default-led 1 0 0 0.01
162 1296 176 1296 128 2 default-led 1 0 0 0.01
162 1328 176 1328 128 2 default-led 1 0 0 0.01
162 1360 176 1360 128 2 default-led 1 0 0 0.01
162 1392 176 1392 128 2 default-led 1 0 0 0.01
162 1424 176 1424 128 2 default-led 1 0 0 0.01
162 1456 176 1456 128 2 default-led 1 0 0 0.01
162 1200 176 1200 128 2 default-led 1 0 0 0.01
162 1168 176 1168 128 2 default-led 1 0 0 0.01
162 1136 176 1136 128 2 default-led 1 0 0 0.01
162 1104 176 1104 128 2 default-led 1 0 0 0.01
162 1072 176 1072 128 2 default-led 1 0 0 0.01
162 1040 176 1040 128 2 default-led 1 0 0 0.01
162 1008 176 1008 128 2 default-led 1 0 0 0.01
162 976 176 976 128 2 default-led 1 0 0 0.01
r 1200 240 1200 176 0 1000
r 1168 240 1168 176 0 1000
r 1136 240 1136 176 0 1000
r 1104 240 1104 176 0 1000
r 1072 240 1072 176 0 1000
r 1040 240 1040 176 0 1000
r 1008 240 1008 176 0 1000
r 976 240 976 176 0 1000
w 464 128 496 128 0
w 496 128 528 128 0
w 528 128 560 128 0
w 560 128 592 128 0
w 688 128 720 128 0
w 656 128 688 128 0
w 624 128 656 128 0
w 592 128 624 128 0
w 720 128 752 128 0
w 752 128 784 128 0
w 784 128 816 128 0
w 816 128 848 128 0
w 944 128 976 128 0
w 912 128 944 128 0
w 880 128 912 128 0
w 848 128 880 128 0
w 976 128 1008 128 0
w 1008 128 1040 128 0
w 1040 128 1072 128 0
w 1072 128 1104 128 0
w 1200 128 1232 128 0
w 1168 128 1200 128 0
w 1136 128 1168 128 0
w 1104 128 1136 128 0
w 1232 128 1264 128 0
w 1264 128 1296 128 0
w 1296 128 1328 128 0
w 1328 128 1360 128 0
w 1456 128 1488 128 0
w 1424 128 1456 128 0
w 1392 128 1424 128 0
w 1360 128 1392 128 0
