$ 1 0.000005 10.20027730826997 50 5 50 5e-11
155 -560 -352 -512 -352 0 5
155 -448 -352 -400 -352 0 5
w -464 -352 -448 -352 0
155 -336 -352 -288 -352 0 5
155 -224 -352 -176 -352 0 0
w -560 -224 -560 -320 0
w -448 -224 -448 -320 0
w -352 -352 -336 -352 0
w -560 -224 -448 -224 0
w -448 -224 -336 -224 0
w -336 -224 -336 -320 0
w -240 -352 -224 -352 0
w -224 -320 -224 -224 0
w -224 -224 -336 -224 0
w -768 -224 -880 -224 0
w -768 -320 -768 -224 0
w -784 -352 -768 -352 0
w -880 -224 -880 -320 0
w -992 -224 -880 -224 0
w -1104 -224 -992 -224 0
w -896 -352 -880 -352 0
w -992 -224 -992 -320 0
w -1104 -224 -1104 -320 0
155 -768 -352 -720 -352 0 0
155 -880 -352 -832 -352 0 0
w -1008 -352 -992 -352 0
155 -992 -352 -944 -352 0 0
155 -1104 -352 -1056 -352 0 5
w -672 -560 -624 -560 0
w -624 -560 -576 -560 0
w -576 -560 -528 -560 0
w -672 -352 -560 -352 0
w -768 -224 -560 -224 0
418 -1104 -352 -1168 -352 0 1 40 5 0 0 0.5 pin\s2
418 -1104 -224 -1168 -224 0 1 40 5 0 0 0.5 pin\s3
r 192 -736 192 -688 0 1000
418 16 -528 -16 -528 0 1 40 5 0 0 0.5 pin\s4
157 -256 -752 48 -752 0 7 0 1
157 -544 -752 -448 -752 0 7 0 1
w -2064 -848 -1952 -848 0
157 -976 -752 -880 -752 0 7 0 0
157 -736 -752 -432 -752 0 7 0 0
157 -1696 -752 -1392 -752 0 7 0 0
157 -1936 -752 -1840 -752 0 7 0 0
w -1552 -768 -1440 -768 0
w -1792 -768 -1680 -768 0
w -1312 -768 -1200 -768 0
w -1072 -768 -960 -768 0
157 -1456 -752 -1360 -752 0 7 0 0
157 -1216 -752 -912 -752 0 7 0 0
157 -3360 -752 -3056 -752 0 7 0 0
157 -3600 -752 -3504 -752 0 7 0 0
w -3216 -768 -3104 -768 0
w -3456 -768 -3344 -768 0
w -3936 -768 -3824 -768 0
w -3696 -768 -3584 -768 0
157 -4080 -752 -3984 -752 0 7 0 0
157 -3840 -752 -3536 -752 0 7 0 0
157 -2880 -752 -2576 -752 0 7 0 0
157 -3120 -752 -3024 -752 0 7 0 0
w -2736 -768 -2624 -768 0
w -2976 -768 -2864 -768 0
w -2496 -768 -2384 -768 0
157 -2640 -752 -2544 -752 0 7 0 0
157 -2400 -752 -2096 -752 0 7 0 0
x 970 2498 2299 2501 4 96 scoped_out_cc_20_dec_1257z
418 -3200 2320 -3056 2320 0 1 40 5 0 0 0.5 pin\s2
418 -3424 -128 -3248 -128 0 1 40 5 0 0 0.5 pin\s3
x -3664 2336 -3307 2339 4 80 SR_DATA
x -3843 -107 -3532 -104 4 80 SR_CLK
x -3392 80 -2982 83 4 48 Ctrl\s\p\sDrag\s\q\srotate
403 -2752 1408 144 1632 0 25_64_0_4099_5_0.00009765625_0_2_25_3
403 -2752 960 144 1488 0 26_64_0_4107_5_0.00009765625_0_2_26_3
w -4432 2640 -4416 -832 0
r -976 2592 -864 2592 0 1000
162 -864 2592 -784 2592 2 default-led 1 0 0 0.01
g -784 2592 -784 2656 0 0
R -2576 2592 -2784 2592 0 2 12 5 0 0 0.5
w -2576 2592 -976 2592 0
w -2224 -1200 -624 -1200 0
R -2224 -1200 -2432 -1200 0 2 12 5 0 0 0.5
g -432 -1200 -432 -1136 0 0
162 -512 -1200 -432 -1200 2 default-led 1 0 0 0.01
r -624 -1200 -512 -1200 0 1000
w -2096 -1360 2480 -1360 0
w -4912 3648 -336 3648 0
f 16 -528 80 -528 32 1.5 0.02
w 80 -608 80 -544 0
g 80 -512 80 -480 0 0
w -64 -608 80 -608 0
w -240 -400 192 -400 0
r 160 -688 160 -640 0 1000
r 128 -656 128 -608 0 1000
r -256 -528 -256 -480 0 1000
r -272 -608 -272 -560 0 1000
r -288 -560 -288 -512 0 1000
w -352 -352 -352 -416 0
w -464 -352 -464 -432 0
w -464 -432 128 -432 0
w -672 -352 -672 -448 0
w -672 -448 -256 -448 0
w -256 -448 -256 -480 0
w -256 -528 -256 -656 0
w -272 -640 -256 -688 0
w -784 -352 -784 -464 0
w -272 -464 -784 -464 0
w -272 -608 -272 -640 0
w -288 -640 -256 -720 0
w -272 -464 -272 -560 0
w -288 -512 -288 -480 0
w -288 -480 -896 -480 0
w -896 -352 -896 -480 0
w -288 -560 -288 -640 0
w -304 -640 -304 -656 0
w -64 -656 -64 -608 0
w -64 -688 192 -752 0
w 192 -752 192 -736 0
w 192 -688 192 -400 0
w -64 -720 160 -720 0
w 160 -720 160 -688 0
w 160 -640 160 -416 0
w -352 -416 160 -416 0
w -64 -752 128 -688 0
w 128 -688 128 -656 0
w 128 -608 128 -432 0
w -304 -640 -304 -592 0
r -304 -592 -304 -544 0 1000
w -304 -544 -304 -496 0
w -304 -496 -1008 -496 0
w -1008 -496 -1008 -352 0
w -240 -400 -240 -352 0
x -359 -855 65 -852 4 24 sr1\sQ0\sis\ssegment\sA\sand\sthe\srest\sfollow.
w -304 -656 -256 -752 0
