$ 1 0.000005 10.634267539816555 50 5 50 5e-11
w -176 80 -32 80 0
R -336 80 -384 80 0 0 40 5 0 0 0.5
g -32 432 -32 480 0 0
g 176 448 176 480 0 0
r 400 384 400 448 0 330
162 176 288 176 336 2 default-led 1 0 0 0.01
w -32 80 -32 112 0
370 -32 112 -32 144 1 0 0
f 112 240 176 240 33 1.5 0.02
f 336 224 400 224 33 1.5 0.02
w 176 80 400 80 0
370 400 80 400 208 1 0 0
162 400 288 400 336 2 default-led 1 0 0 0.01
r 176 384 176 448 0 330
370 400 336 400 384 1 0 0
g 400 448 400 480 0 0
370 176 336 176 384 1 0 0
w -32 80 176 80 0
f -240 304 -176 304 33 1.5 0.02
g -176 448 -176 480 0 0
w -288 224 -240 224 0
w -240 224 -96 224 0
w -240 224 -240 304 0
w -336 80 -176 80 0
w -112 320 -112 512 0
w -112 512 336 512 0
w 336 512 336 224 0
370 176 80 176 224 1 0 0
370 -176 112 -176 144 1 0 0
w -112 320 -176 320 0
w 176 256 176 288 0
w -32 240 -32 320 0
w 48 240 -32 240 0
w 400 240 400 288 0
w -176 112 -176 80 0
w -176 144 -176 208 0
w -176 208 -160 208 0
w -160 208 -160 240 0
w -160 240 -176 240 0
w -176 240 -176 288 0
r -32 320 -32 432 0 133000
r -176 320 -176 448 0 133000
R -288 224 -320 224 0 2 9.36 5 0 0 0.5
p -240 304 -240 384 1 0 0
w 48 240 112 240 0
w -32 144 -32 208 0
f -96 224 -32 224 32 1.5 0.02
o 43 64 0 4098 5 0.1 0 1
38 42 F1 3 1 20 -1 Frequency
